my_dem_utm.asc
ncols        177
nrows        161
xllcorner    1089342.737913010176
yllcorner    3779872.173748225905
cellsize     27.719567592875
[rows 80 to 99 of 161, columns 90 to 134 of 177]
615.24688720703125 615.293212890625 614.70611572265625 614.05694580078125 612.9326171875 611.953125 612.18402099609375 609.52838134765625 608.038818359375 607.31634521484375 608.390869140625 609.09765625 608.27874755859375 606.31182861328125 604.65399169921875 604.12109375 603.8990478515625 603.52294921875 603.396240234375 602.64501953125 601.03521728515625 596.51611328125 594.63189697265625 595.09368896484375 595.8846435546875 589.24951171875 588.25018310546875 587.6683349609375 587.477783203125 588.82537841796875 591.51678466796875 593.8994140625 594.74383544921875 594.88580322265625 597.80511474609375 599.503662109375 602.62353515625 605.55517578125 605.75592041015625 602.81390380859375 597.968994140625 593.2686767578125 589.95184326171875 587.45416259765625 584.82659912109375
611.8291015625 611.7813720703125 611.26141357421875 610.76470947265625 609.9876708984375 609.05303955078125 609.0386962890625 609.5504150390625 608.038818359375 603.46478271484375 603.742919921875 603.336669921875 602.58306884765625 601.0086669921875 599.981201171875 599.96868896484375 599.6885986328125 599.21795654296875 598.55413818359375 597.4033203125 596.21331787109375 594.89544677734375 590.6728515625 590.251708984375 590.1610107421875 589.24951171875 584.11968994140625 583.74542236328125 583.97515869140625 584.8895263671875 586.5426025390625 586.94708251953125 585.48370361328125 584.1361083984375 584.4967041015625 589.27813720703125 591.309814453125 593.36505126953125 595.52410888671875 595.92803955078125 594.578369140625 592.5545654296875 589.95184326171875 587.45416259765625 584.96588134765625
608.9658203125 608.90020751953125 608.5987548828125 608.10467529296875 607.1202392578125 605.91558837890625 605.2572021484375 604.6346435546875 604.16241455078125 603.46478271484375 600.2060546875 599.66876220703125 598.84539794921875 597.02618408203125 596.08697509765625 596.400390625 596.37738037109375 595.82244873046875 594.35247802734375 592.94256591796875 591.71673583984375 589.9085693359375 588.03118896484375 587.17218017578125 587.18414306640625 585.8572998046875 584.11968994140625 583.74542236328125 581.0262451171875 580.0306396484375 579.84393310546875 579.63226318359375 577.87603759765625 575.77862548828125 575.5836181640625 577.5299072265625 580.11346435546875 581.50115966796875 584.3404541015625 586.3609619140625 587.1243896484375 587.48138427734375 586.74920654296875 585.8167724609375 584.96588134765625
605.5540771484375 605.5550537109375 605.50994873046875 604.90460205078125 603.29595947265625 601.7366943359375 600.7420654296875 600.0260009765625 599.63079833984375 599.74578857421875 600.2060546875 599.66876220703125 595.28802490234375 593.11767578125 592.3779296875 592.76092529296875 593.0672607421875 592.52239990234375 590.69000244140625 588.9136962890625 587.38653564453125 585.56072998046875 584.33758544921875 584.68487548828125 584.5118408203125 582.89178466796875 581.1492919921875 581.085205078125 581.0262451171875 580.0306396484375 573.4654541015625 573.3189697265625 572.32012939453125 570.33056640625 569.74310302734375 570.885009765625 571.4337158203125 571.58074951171875 573.657958984375 575.7196044921875 576.76287841796875 577.69439697265625 578.30499267578125 578.94921875 579.3177490234375
602.021240234375 601.8587646484375 601.89068603515625 601.472900390625 599.6959228515625 598.30206298828125 597.7459716796875 596.97381591796875 596.33599853515625 596.0672607421875 596.2967529296875 596.527587890625 595.28802490234375 593.11767578125 590.0316162109375 590.409423828125 590.72216796875 589.84356689453125 587.428466796875 585.62139892578125 584.50604248046875 582.85211181640625 581.69073486328125 582.18212890625 581.0474853515625 579.47613525390625 578.2884521484375 577.948974609375 576.7554931640625 574.53948974609375 573.4654541015625 573.3189697265625 567.771728515625 566.83465576171875 566.1160888671875 566.119873046875 565.56451416015625 564.41424560546875 563.7998046875 565.00262451171875 565.94158935546875 567.02703857421875 568.38623046875 569.4595947265625 569.4547119140625
598.29986572265625 597.4136962890625 597.366943359375 597.61334228515625 596.66400146484375 596.021484375 595.92767333984375 595.11431884765625 594.122802734375 593.0233154296875 592.5130615234375 592.642822265625 591.4227294921875 590.2720947265625 590.0316162109375 590.409423828125 587.13311767578125 585.9166259765625 583.7060546875 582.42822265625 581.92034912109375 581.01654052734375 579.9462890625 579.57568359375 578.93115234375 576.25469970703125 575.31597900390625 574.09075927734375 571.8621826171875 569.8795166015625 568.95831298828125 568.328125 567.771728515625 566.83465576171875 563.43072509765625 562.14825439453125 560.19525146484375 558.72662353515625 557.277587890625 554.92340087890625 555.78167724609375 556.87994384765625 558.4559326171875 559.27911376953125 558.16851806640625
594.905029296875 593.611572265625 592.7950439453125 592.8172607421875 592.9107666015625 592.90667724609375 592.9208984375 592.59539794921875 591.27191162109375 589.52557373046875 588.34771728515625 587.95166015625 587.97613525390625 587.240966796875 587.0703125 587.17071533203125 587.13311767578125 585.9166259765625 580.633544921875 579.40728759765625 578.8819580078125 578.9703369140625 578.3690185546875 577.51007080078125 576.2205810546875 574.47918701171875 572.12017822265625 570.28472900390625 567.9493408203125 565.96771240234375 564.79742431640625 563.919677734375 563.59332275390625 563.7125244140625 563.43072509765625 562.14825439453125 555.10198974609375 553.54058837890625 551.89190673828125 549.02197265625 547.923828125 548.56268310546875 548.4359130859375 548.14080810546875 547.3245849609375
594.905029296875 593.611572265625 590.79693603515625 589.72833251953125 589.47967529296875 589.39935302734375 589.49652099609375 589.19091796875 587.54779052734375 585.44134521484375 583.9765625 583.91497802734375 584.7822265625 584.4969482421875 582.43060302734375 582.5496826171875 582.5286865234375 581.84271240234375 580.633544921875 579.40728759765625 575.35321044921875 575.10906982421875 574.718505859375 574.18695068359375 573.336669921875 571.5208740234375 570.0135498046875 566.5819091796875 564.66058349609375 562.56976318359375 561.09429931640625 560.21173095703125 559.6776123046875 559.22198486328125 558.61590576171875 557.24774169921875 555.10198974609375 553.54058837890625 547.70111083984375 545.26220703125 543.56793212890625 542.8267822265625 540.7344970703125 539.19232177734375 538.8245849609375
593.11737060546875 592.38836669921875 590.79693603515625 589.72833251953125 587.424560546875 586.89093017578125 587.0296630859375 586.5250244140625 585.12554931640625 583.196044921875 581.6978759765625 581.69268798828125 582.4088134765625 581.65673828125 579.8179931640625 578.7578125 578.85638427734375 578.8837890625 578.50433349609375 576.92034912109375 575.35321044921875 575.10906982421875 569.99517822265625 569.61199951171875 568.86273193359375 567.06768798828125 565.535400390625 564.1688232421875 561.271240234375 559.4085693359375 558.18475341796875 557.5262451171875 556.32086181640625 554.42169189453125 552.82763671875 551.63970947265625 550.37286376953125 549.322021484375 547.70111083984375 545.26220703125 541.1900634765625 540.02777099609375 535.72149658203125 533.4830322265625 532.71356201171875
592.2208251953125 592.02520751953125 589.8814697265625 588.55560302734375 587.424560546875 586.89093017578125 584.99761962890625 584.510009765625 583.1619873046875 581.5523681640625 580.50079345703125 580.10174560546875 579.7752685546875 578.58465576171875 577.03533935546875 576.24639892578125 575.76373291015625 575.98687744140625 575.75872802734375 574.05126953125 571.70855712890625 570.57269287109375 569.99517822265625 569.61199951171875 564.37835693359375 562.3140869140625 560.597900390625 559.9022216796875 559.57830810546875 557.29595947265625 556.12103271484375 555.445068359375 553.58990478515625 551.0008544921875 549.28271484375 548.1427001953125 547.02166748046875 545.87860107421875 544.44378662109375 542.68408203125 541.1900634765625 536.15167236328125 534.27728271484375 529.35052490234375 528.55828857421875
591.70855712890625 590.4622802734375 589.37176513671875 587.75054931640625 586.1871337890625 585.0657958984375 584.99761962890625 584.510009765625 580.932373046875 579.42987060546875 578.9625244140625 578.7135009765625 577.6566162109375 575.63330078125 574.1624755859375 573.6966552734375 573.1162109375 572.33050537109375 571.4888916015625 570.17034912109375 568.46783447265625 567.14422607421875 566.4219970703125 565.66912841796875 564.37835693359375 562.3140869140625 557.79345703125 557.31634521484375 557.78125 557.70684814453125 554.447021484375 553.1865234375 551.0968017578125 549.034423828125 547.782958984375 546.53240966796875 544.77294921875 542.8218994140625 540.95281982421875 539.0616455078125 537.40008544921875 536.15167236328125 534.27728271484375 527.107421875 526.09405517578125
590.7119140625 588.5806884765625 587.2620849609375 586.6771240234375 584.8411865234375 583.3179931640625 582.70196533203125 582.24298095703125 580.932373046875 579.42987060546875 576.56024169921875 576.88653564453125 575.682861328125 573.04693603515625 571.86669921875 571.77886962890625 571.8739013671875 568.75146484375 567.08349609375 565.89349365234375 564.8763427734375 564.09002685546875 563.54119873046875 562.71234130859375 561.6053466796875 559.736328125 557.79345703125 555.17724609375 554.92999267578125 554.50762939453125 553.34375 550.73663330078125 548.87335205078125 547.11590576171875 545.90985107421875 544.616943359375 542.7821044921875 540.927734375 538.62249755859375 535.9130859375 534.02117919921875 533.0517578125 531.4476318359375 529.0928955078125 526.09405517578125
589.19610595703125 586.97625732421875 585.63140869140625 584.783203125 583.86468505859375 581.230224609375 580.3170166015625 579.91802978515625 578.87579345703125 577.1259765625 576.56024169921875 574.30828857421875 573.14654541015625 570.75006103515625 569.86041259765625 569.7821044921875 569.3489990234375 567.98321533203125 564.22869873046875 563.0008544921875 562.0701904296875 561.42803955078125 561.05169677734375 560.85333251953125 560.29150390625 558.41253662109375 556.18902587890625 555.17724609375 554.92999267578125 550.0303955078125 549.5352783203125 549.210205078125 546.8306884765625 544.78106689453125 543.38818359375 542.468505859375 541.20538330078125 539.5977783203125 537.21209716796875 534.3555908203125 532.38446044921875 531.4837646484375 530.45391845703125 528.31268310546875 525.77734375
588.66094970703125 586.31451416015625 584.4168701171875 583.27423095703125 582.05914306640625 580.78350830078125 578.95263671875 578.00665283203125 576.75958251953125 575.0069580078125 574.1717529296875 574.30828857421875 573.14654541015625 569.14581298828125 567.96722412109375 567.3577880859375 566.6290283203125 565.2630615234375 563.6854248046875 561.68170166015625 560.70965576171875 559.5809326171875 558.80755615234375 558.73321533203125 558.00164794921875 555.89080810546875 553.56158447265625 551.841796875 550.6832275390625 550.0303955078125 549.5352783203125 546.6361083984375 546.58685302734375 543.09527587890625 541.6734619140625 540.54913330078125 539.3187255859375 537.45245361328125 535.04388427734375 532.41497802734375 530.68524169921875 530.0599365234375 529.28387451171875 527.05975341796875 524.15032958984375
587.51641845703125 585.07830810546875 582.80572509765625 581.37109375 580.18548583984375 579.2431640625 578.96136474609375 576.435791015625 574.9122314453125 573.39056396484375 572.20947265625 571.8380126953125 571.00927734375 569.14581298828125 567.96722412109375 565.51165771484375 565.04534912109375 563.93701171875 562.64111328125 561.449462890625 559.59857177734375 558.02557373046875 556.099853515625 555.515625 554.5845947265625 552.52117919921875 550.40606689453125 548.5809326171875 547.568359375 547.08221435546875 546.463134765625 546.6361083984375 546.58685302734375 542.72076416015625 539.3768310546875 537.62286376953125 536.10821533203125 534.51409912109375 532.61529541015625 530.4793701171875 528.9678955078125 528.28680419921875 527.27020263671875 525.37091064453125 523.2232666015625
584.3094482421875 582.4945068359375 580.6231689453125 578.82818603515625 577.42303466796875 576.6019287109375 576.48651123046875 574.9654541015625 573.586669921875 572.00732421875 570.54266357421875 570.16326904296875 569.65728759765625 568.068603515625 566.36004638671875 565.51165771484375 565.04534912109375 562.51220703125 561.69915771484375 559.9288330078125 558.32354736328125 556.0028076171875 553.9307861328125 553.2681884765625 552.27886962890625 549.92333984375 547.63421630859375 546.4368896484375 546.19683837890625 545.69110107421875 544.75860595703125 544.42132568359375 544.02789306640625 542.72076416015625 541.15283203125 535.08416748046875 534.076416015625 533.0096435546875 531.39385986328125 529.5230712890625 528.2572021484375 527.5728759765625 526.64532470703125 525.44732666015625 523.90625
584.3094482421875 580.59698486328125 579.04205322265625 577.25677490234375 575.91973876953125 574.94610595703125 574.472900390625 574.34283447265625 572.61383056640625 571.02642822265625 569.787841796875 569.37109375 568.6234130859375 567.027587890625 565.0155029296875 563.8831787109375 563.2437744140625 562.51220703125 561.69915771484375 558.36322021484375 556.365234375 555.18890380859375 552.62042236328125 551.91900634765625 550.63983154296875 548.20947265625 545.91070556640625 545.07666015625 544.99334716796875 544.5152587890625 543.44488525390625 542.2509765625 541.630615234375 540.6070556640625 538.73797607421875 535.08416748046875 534.076416015625 532.5517578125 530.9833984375 529.4622802734375 528.7606201171875 528.1180419921875 527.0341796875 525.66949462890625 523.65484619140625
582.28515625 580.59698486328125 579.04205322265625 578.76776123046875 576.82684326171875 574.33697509765625 572.98779296875 572.8367919921875 572.68975830078125 570.220458984375 568.9884033203125 568.5562744140625 567.75384521484375 566.1051025390625 563.99285888671875 562.52777099609375 561.67108154296875 561.2584228515625 560.46929931640625 558.36322021484375 556.365234375 553.4102783203125 552.7100830078125 550.53582763671875 549.0487060546875 547.18218994140625 545.3778076171875 544.27862548828125 543.72930908203125 543.0416259765625 541.9560546875 540.73260498046875 540.0770263671875 538.80169677734375 536.91973876953125 535.28155517578125 533.554931640625 532.5517578125 530.9833984375 529.12255859375 528.45556640625 527.28228759765625 525.54327392578125 522.990234375 520.171630859375
582.77227783203125 580.90472412109375 580.02032470703125 578.76776123046875 576.82684326171875 574.23077392578125 571.5322265625 570.8255615234375 570.692626953125 570.0257568359375 567.38916015625 566.77520751953125 566.3358154296875 565.21185302734375 563.2718505859375 561.6806640625 560.69927978515625 560.00042724609375 558.97772216796875 557.04296875 554.89068603515625 553.4102783203125 552.7100830078125 551.46978759765625 547.99444580078125 546.5462646484375 545.28961181640625 543.58013916015625 542.176025390625 541.26080322265625 540.52996826171875 539.745361328125 538.2530517578125 536.5113525390625 535.22698974609375 534.43524169921875 533.921630859375 531.485595703125 530.0604248046875 529.12255859375 528.45556640625 524.5357666015625 522.374755859375 519.65252685546875 517.27935791015625
584.59674072265625 582.980712890625 582.25732421875 581.05096435546875 578.3411865234375 574.23077392578125 571.5322265625 569.49993896484375 568.01226806640625 567.12603759765625 566.234130859375 564.4393310546875 563.648681640625 562.72650146484375 561.374267578125 560.2174072265625 559.357421875 558.54254150390625 557.4656982421875 555.81689453125 554.17340087890625 553.1807861328125 552.730224609375 551.46978759765625 549.7021484375 545.6702880859375 544.4486083984375 542.36126708984375 540.3486328125 539.48040771484375 539.33880615234375 538.54742431640625 536.4625244140625 534.684814453125 533.7501220703125 533.34356689453125 533.09747314453125 531.77667236328125 528.063232421875 526.9630126953125 526.05902099609375 524.5357666015625 519.918701171875 518.28997802734375 516.9273681640625
