my_dem_utm.asc
ncols        177
nrows        161
xllcorner    1089342.737913010176
yllcorner    3779872.173748225905
cellsize     27.719567592875
[rows 0 to 19 of 161, columns 45 to 89 of 177]
0 0 0 0 0 0 0 0 0 0 0 0 0 0 0 0 0 0 0 0 0 0 0 0 0 0 0 0 0 0 0 0 0 0 0 0 0 0 0 0 0 0 0 0 0
0 0 0 0 0 0 0 0 0 0 0 0 0 0 0 0 0 0 0 0 0 0 0 0 0 0 0 0 0 0 0 0 0 0 0 0 0 0 0 0 0 0 0 0 0
0 0 0 0 0 0 0 0 0 0 0 0 0 0 0 0 0 0 0 0 0 0 0 0 0 0 0 0 0 0 0 0 0 0 0 0 0 0 0 0 0 0 0 0 0
0 0 0 0 0 0 0 0 0 0 0 0 0 0 0 0 0 0 0 0 0 0 0 0 0 0 0 0 0 0 0 0 0 0 0 0 0 0 0 0 0 0 0 0 0
0 0 0 0 0 0 0 0 0 0 0 0 0 0 0 0 0 0 0 0 0 0 0 0 0 0 0 0 0 0 0 0 0 0 0 0 0 0 0 0 0 0 0 0 0
0 0 0 0 0 0 0 0 0 0 0 0 0 0 0 0 0 0 0 0 0 0 0 0 0 0 0 0 0 0 0 0 0 0 0 757.3046875 768.072998046875 775.47784423828125 782.68353271484375 786.66595458984375 791.27569580078125 796.44964599609375 800.80279541015625 802.757568359375 802.3643798828125
0 0 0 0 0 0 0 0 0 0 0 0 0 0 0 0 0 0 0 737.93243408203125 736.3345947265625 735.37579345703125 733.693115234375 731.2725830078125 730.0318603515625 728.563232421875 725.94921875 723.88525390625 722.9083251953125 722.873046875 723.7440185546875 727.1878662109375 734.556640625 742.3818359375 748.508056640625 757.3046875 768.072998046875 791.8580322265625 794.7762451171875 800.442138671875 803.82470703125 808.878662109375 813.087890625 814.23223876953125 810.88482666015625
0 0 0 803.63128662109375 800.41845703125 797.0325927734375 793.8052978515625 789.82012939453125 784.785888671875 779.52777099609375 776.52935791015625 772.2747802734375 764.4324951171875 750.76568603515625 746.4173583984375 743.87548828125 742.82391357421875 741.42620849609375 739.7860107421875 737.93243408203125 736.3345947265625 734.42608642578125 733.49578857421875 731.75482177734375 730.76385498046875 731.10748291015625 730.26446533203125 728.12939453125 726.4310302734375 727.133056640625 730.78289794921875 738.46502685546875 748.86163330078125 756.99560546875 763.553955078125 774.3568115234375 785.93157958984375 791.8580322265625 794.7762451171875 809.3450927734375 814.9110107421875 818.13970947265625 821.11358642578125 820.10369873046875 814.4901123046875
796.12518310546875 801.19903564453125 804.15509033203125 803.63128662109375 800.41845703125 802.40899658203125 797.1954345703125 791.93890380859375 786.3585205078125 781.1221923828125 776.7021484375 771.35003662109375 764.3687744140625 757.34112548828125 747.3807373046875 744.72784423828125 743.76654052734375 742.5076904296875 740.22430419921875 737.48876953125 735.34320068359375 734.42608642578125 733.49578857421875 735.0145263671875 734.0191650390625 734.3316650390625 735.3857421875 734.131103515625 732.3302001953125 734.31024169921875 741.56463623046875 752.274169921875 762.74432373046875 770.4722900390625 778.17596435546875 789.398681640625 799.8426513671875 804.294921875 806.4368896484375 809.3450927734375 812.16094970703125 827.52264404296875 828.89947509765625 825.91162109375 819.8155517578125
809.298095703125 814.2442626953125 815.49212646484375 813.7601318359375 808.6202392578125 802.40899658203125 797.1954345703125 788.71795654296875 782.485595703125 776.4031982421875 770.4012451171875 764.9302978515625 759.8330078125 754.44171142578125 749.873291015625 746.71807861328125 746.5682373046875 745.092529296875 742.0924072265625 739.1107177734375 736.76708984375 735.64691162109375 735.67193603515625 735.0145263671875 734.0191650390625 739.47576904296875 739.54571533203125 739.611083984375 739.76678466796875 743.8570556640625 753.759765625 765.9873046875 775.56463623046875 783.56488037109375 792.69683837890625 803.06890869140625 811.31329345703125 814.065673828125 814.77252197265625 818.0025634765625 822.72772216796875 825.61431884765625 828.89947509765625 832.9815673828125 827.7265625
823.016845703125 822.98114013671875 819.1844482421875 815.2144775390625 807.88134765625 800.20526123046875 794.49029541015625 788.71795654296875 782.485595703125 772.1181640625 764.34771728515625 759.0601806640625 755.0740966796875 751.42303466796875 749.59765625 750.0030517578125 751.54730224609375 749.80413818359375 746.98175048828125 744.48944091796875 742.8516845703125 741.69970703125 741.47491455078125 741.3375244140625 740.19677734375 739.47576904296875 739.54571533203125 748.19915771484375 748.82373046875 758.36151123046875 768.87579345703125 780.16180419921875 788.14617919921875 796.19854736328125 805.24163818359375 814.95123291015625 822.06524658203125 823.18389892578125 822.95184326171875 826.151123046875 831.64471435546875 835.177978515625 836.09912109375 832.9815673828125 827.7265625
824.4097900390625 822.674560546875 820.00628662109375 812.700439453125 804.30731201171875 795.78692626953125 790.0179443359375 784.9935302734375 779.437744140625 772.1181640625 764.34771728515625 757.279296875 754.67071533203125 753.50909423828125 753.64520263671875 754.82379150390625 755.90838623046875 755.6014404296875 754.4884033203125 754.18316650390625 754.37908935546875 753.92657470703125 753.66790771484375 753.94012451171875 753.4776611328125 752.2608642578125 750.132568359375 748.19915771484375 748.82373046875 766.89495849609375 784.8870849609375 794.54132080078125 800.614990234375 806.7786865234375 813.97222900390625 822.23052978515625 829.124755859375 831.44561767578125 831.87738037109375 834.13330078125 838.27032470703125 841.2703857421875 841.8116455078125 838.083984375 833.69183349609375
815.3096923828125 811.93780517578125 809.72705078125 808.84344482421875 798.9111328125 791.07440185546875 785.9310302734375 781.677001953125 776.85009765625 770.00946044921875 762.5106201171875 757.279296875 754.67071533203125 757.75311279296875 758.133056640625 759.15179443359375 760.72271728515625 763.64013671875 764.40673828125 766.2333984375 769.00946044921875 770.220703125 770.2935791015625 771.6494140625 772.94482421875 771.164306640625 766.30328369140625 761.73004150390625 761.87969970703125 766.89495849609375 774.41949462890625 804.25244140625 811.3450927734375 817.035888671875 822.025390625 827.2698974609375 833.18829345703125 837.50860595703125 839.461669921875 841.0260009765625 842.77069091796875 844.30938720703125 845.3095703125 845.04669189453125 838.57159423828125
802.293701171875 799.09307861328125 798.25823974609375 798.38226318359375 796.63189697265625 786.36297607421875 782.08538818359375 777.9278564453125 773.56829833984375 768.15478515625 761.9532470703125 757.66656494140625 757.00982666015625 757.75311279296875 758.133056640625 762.4566650390625 766.78839111328125 771.66058349609375 777.11260986328125 779.27978515625 782.65966796875 785.1593017578125 786.77490234375 789.16278076171875 790.85968017578125 789.04681396484375 783.31341552734375 777.0391845703125 775.0830078125 778.69671630859375 786.01983642578125 795.3153076171875 811.3450927734375 828.25177001953125 831.60516357421875 833.52618408203125 836.9488525390625 841.1884765625 845.32672119140625 847.36944580078125 847.38446044921875 848.037353515625 849.3359375 849.95556640625 848.556884765625
791.8671875 789.54608154296875 789.05743408203125 789.19268798828125 787.65948486328125 784.1546630859375 775.9569091796875 772.1644287109375 769.227294921875 765.7818603515625 761.55291748046875 759.1551513671875 759.171142578125 759.57855224609375 760.16302490234375 762.4566650390625 766.78839111328125 780.61126708984375 787.1385498046875 793.36590576171875 794.77337646484375 797.04364013671875 801.34765625 805.2166748046875 805.868408203125 803.6943359375 798.52032470703125 791.94769287109375 787.7711181640625 789.13006591796875 795.3780517578125 803.255859375 812.10552978515625 828.25177001953125 841.147216796875 842.0611572265625 843.62017822265625 846.5623779296875 851.26025390625 854.334716796875 854.7176513671875 855.23138427734375 855.82403564453125 855.4710693359375 854.69110107421875
791.8671875 786.31719970703125 785.64825439453125 785.35546875 782.5450439453125 777.4012451171875 772.9813232421875 767.0843505859375 766.46734619140625 765.3072509765625 763.40264892578125 763.08526611328125 763.6058349609375 763.79302978515625 764.16448974609375 766.96856689453125 772.9664306640625 780.61126708984375 795.3096923828125 802.464111328125 808.2542724609375 811.27850341796875 816.56085205078125 820.59552001953125 820.8963623046875 817.61785888671875 811.86822509765625 805.11981201171875 799.64898681640625 800.1456298828125 806.51220703125 814.00616455078125 821.98040771484375 830.4014892578125 841.147216796875 842.0611572265625 853.545166015625 854.811767578125 857.85516357421875 861.33831787109375 863.36065673828125 863.89251708984375 862.91571044921875 860.889404296875 858.15692138671875
787.97222900390625 786.31719970703125 785.64825439453125 787.1690673828125 781.86767578125 775.81689453125 771.38336181640625 768.65869140625 769.1522216796875 769.77960205078125 770.6063232421875 772.5120849609375 773.56097412109375 773.04522705078125 771.61956787109375 772.51019287109375 777.771240234375 786.20916748046875 795.3096923828125 802.464111328125 816.81243896484375 827.10943603515625 831.79083251953125 834.46368408203125 834.4569091796875 831.98150634765625 827.00970458984375 820.27789306640625 814.97039794921875 815.716796875 821.365234375 826.7303466796875 831.81976318359375 838.6497802734375 846.6787109375 853.26336669921875 853.545166015625 854.811767578125 865.72528076171875 867.76702880859375 869.51861572265625 869.45172119140625 866.869384765625 863.02532958984375 856.6119384765625
792.37982177734375 791.37689208984375 790.08514404296875 787.1690673828125 787.88165283203125 782.44891357421875 778.2073974609375 775.640625 778.69427490234375 781.08447265625 783.8968505859375 785.335205078125 784.0125732421875 781.23468017578125 777.8125 776.6483154296875 780.92608642578125 790.11505126953125 800.36956787109375 809.3505859375 816.81243896484375 822.2535400390625 841.263427734375 844.40460205078125 846.826416015625 847.6436767578125 845.52752685546875 840.02044677734375 834.9639892578125 834.9737548828125 838.53460693359375 841.27105712890625 844.42266845703125 850.93353271484375 859.40966796875 865.71051025390625 864.61773681640625 864.48712158203125 865.72528076171875 867.76702880859375 873.077880859375 871.83013916015625 868.217041015625 863.16082763671875 854.21380615234375
800.62835693359375 799.909912109375 797.9608154296875 793.76116943359375 787.88165283203125 782.44891357421875 790.694580078125 788.24078369140625 789.292236328125 796.29840087890625 797.23681640625 795.117919921875 790.352783203125 785.91162109375 782.6416015625 781.56878662109375 786.157470703125 795.40423583984375 804.8292236328125 814.47735595703125 824.36273193359375 832.2640380859375 837.5946044921875 844.40460205078125 857.929931640625 862.225341796875 862.4443359375 858.68609619140625 854.3212890625 853.63970947265625 855.68450927734375 858.37420654296875 862.1700439453125 867.542236328125 873.3040771484375 876.955810546875 876.13836669921875 874.79742431640625 873.96673583984375 873.29840087890625 873.077880859375 871.83013916015625 868.96221923828125 862.96917724609375 852.99658203125
808.97833251953125 809.8455810546875 808.46575927734375 805.31390380859375 800.66595458984375 795.47674560546875 790.694580078125 788.24078369140625 804.1173095703125 807.75146484375 809.011962890625 805.4130859375 799.93438720703125 794.33367919921875 790.4466552734375 788.98028564453125 792.74114990234375 800.52850341796875 808.80133056640625 818.92108154296875 829.74798583984375 837.6611328125 842.26324462890625 845.7918701171875 857.929931640625 862.225341796875 872.94195556640625 870.90081787109375 868.69390869140625 869.10052490234375 870.9996337890625 873.76263427734375 877.341064453125 880.69403076171875 883.337646484375 885.1466064453125 885.46429443359375 882.0517578125 879.33209228515625 876.77813720703125 875.0728759765625 873.0400390625 868.96221923828125 862.96917724609375 847.643310546875
