my_dem_utm.asc
ncols        177
nrows        161
xllcorner    1089342.737913010176
yllcorner    3779872.173748225905
cellsize     27.719567592875
[rows 120 to 139 of 161, columns 0 to 44 of 177]
0 0 0 0 0 0 0 699.4266357421875 695.7279052734375 686.6107177734375 675.90972900390625 664.7493896484375 655.57672119140625 647.78143310546875 642.52166748046875 639.6468505859375 637.38494873046875 635.82666015625 635.51007080078125 636.117431640625 636.2772216796875 635.06903076171875 633.41265869140625 632.168701171875 631.686279296875 631.60565185546875 638.32098388671875 648.65753173828125 662.21331787109375 674.96478271484375 683.40557861328125 687.38494873046875 688.1807861328125 686.60089111328125 684.80230712890625 683.375244140625 681.07904052734375 678.82769775390625 677.40631103515625 674.13751220703125 671.7147216796875 668.56890869140625 666.25836181640625 664.24920654296875 661.39154052734375
0 0 0 0 0 0 0 699.7208251953125 700.63232421875 695.20068359375 686.1046142578125 675.1959228515625 664.60382080078125 647.78143310546875 643.2554931640625 637.78118896484375 634.643798828125 632.84130859375 632.83111572265625 633.57818603515625 633.946533203125 633.585693359375 632.3612060546875 630.99188232421875 630.27447509765625 630.14654541015625 637.84100341796875 648.79779052734375 662.39794921875 674.96478271484375 683.40557861328125 681.51300048828125 682.2359619140625 681.07855224609375 679.629638671875 677.2598876953125 674.01507568359375 672.90411376953125 673.8280029296875 673.9150390625 670.398193359375 668.160888671875 665.9361572265625 663.22967529296875 660.48223876953125
0 0 0 0 0 0 0 695.72979736328125 698.95654296875 697.81591796875 691.99334716796875 682.42388916015625 671.8863525390625 661.4976806640625 643.2554931640625 636.9346923828125 633.7630615234375 632.7578125 632.74658203125 632.75543212890625 632.49066162109375 632.0762939453125 631.239990234375 630.35784912109375 629.73907470703125 628.98822021484375 629.684814453125 645.40106201171875 659.25665283203125 671.391845703125 678.42413330078125 681.51300048828125 682.2359619140625 671.66094970703125 670.26806640625 667.3271484375 663.85394287109375 662.85406494140625 664.48907470703125 666.04083251953125 666.266357421875 663.5126953125 661.70013427734375 659.56536865234375 657.9393310546875
0 0 0 0 0 0 0 689.10400390625 693.7669677734375 695.71270751953125 692.87908935546875 684.3841552734375 673.09844970703125 661.861572265625 652.07171630859375 636.9346923828125 633.7630615234375 634.2462158203125 633.61395263671875 632.4423828125 631.265869140625 630.10455322265625 629.41363525390625 629.1915283203125 629.0809326171875 628.1734619140625 627.8140869140625 630.424072265625 648.90869140625 659.7066650390625 665.8941650390625 669.09161376953125 671.262451171875 671.66094970703125 670.26806640625 655.22442626953125 653.40936279296875 652.24169921875 652.96710205078125 654.63592529296875 655.6844482421875 654.82244873046875 652.21380615234375 651.38226318359375 651.32855224609375
0 0 0 0 0 0 0 683.4453125 688.6993408203125 691.75604248046875 690.461181640625 683.05377197265625 671.81182861328125 660.72698974609375 652.06427001953125 644.6441650390625 634.74664306640625 634.2462158203125 633.61395263671875 631.33367919921875 630.072021484375 628.88372802734375 628.49560546875 628.381103515625 628.22601318359375 627.908203125 627.3419189453125 627.9642333984375 631.40203857421875 645.56256103515625 651.34332275390625 654.91229248046875 657.9610595703125 659.03228759765625 657.38970947265625 655.22442626953125 653.40936279296875 642.11688232421875 641.80340576171875 642.10211181640625 642.48773193359375 641.3292236328125 639.22503662109375 639.96002197265625 641.40484619140625
0 0 0 0 0 0 0 677.58038330078125 683.22265625 687.40216064453125 688.59271240234375 684.3287353515625 673.81280517578125 661.247314453125 650.637939453125 642.92645263671875 637.2095947265625 633.53009033203125 632.60003662109375 631.33367919921875 630.072021484375 628.7813720703125 628.1385498046875 627.55084228515625 626.9791259765625 626.61669921875 626.21356201171875 626.3336181640625 627.1993408203125 629.9903564453125 639.9117431640625 643.41571044921875 645.28656005859375 645.2525634765625 644.296142578125 643.6357421875 643.07232666015625 642.11688232421875 641.80340576171875 628.6319580078125 629.19805908203125 628.04754638671875 626.25201416015625 626.72625732421875 630.1055908203125
0 0 0 0 0 0 0 670.947265625 677.10418701171875 683.37261962890625 687.2991943359375 685.5252685546875 677.0858154296875 664.4210205078125 651.336669921875 641.963134765625 636.408203125 633.35394287109375 632.76568603515625 631.494384765625 629.982177734375 628.7813720703125 628.1385498046875 626.679443359375 625.55487060546875 624.71527099609375 623.84649658203125 623.141845703125 622.52581787109375 623.7056884765625 626.82470703125 632.51025390625 633.06640625 632.18182373046875 632.63238525390625 633.42108154296875 632.335693359375 630.453857421875 628.9462890625 628.6319580078125 629.19805908203125 617.59722900390625 616.16107177734375 616.249267578125 617.376708984375
0 0 0 0 0 0 0 665.44140625 670.5367431640625 677.14111328125 681.11004638671875 680.38641357421875 675.96630859375 667.3857421875 656.09039306640625 646.50872802734375 639.87762451171875 635.853515625 633.61358642578125 632.10357666015625 630.21795654296875 628.885009765625 627.8651123046875 626.679443359375 625.55487060546875 623.3616943359375 621.83868408203125 620.3583984375 619.7271728515625 620.46575927734375 621.81695556640625 623.0037841796875 624.05792236328125 622.61962890625 622.65673828125 622.75164794921875 620.79541015625 618.8431396484375 618.060302734375 618.20672607421875 618.60162353515625 617.59722900390625 616.16107177734375 608.58074951171875 608.50579833984375
0 0 0 0 0 0 0 665.44140625 670.5367431640625 669.44097900390625 671.10430908203125 670.58807373046875 669.76055908203125 667.40283203125 661.5777587890625 653.55731201171875 644.7034912109375 637.1102294921875 633.2191162109375 630.1029052734375 629.0196533203125 628.40594482421875 627.79144287109375 626.416259765625 624.625 623.3616943359375 621.83868408203125 620.03814697265625 619.53253173828125 619.82037353515625 620.24322509765625 620.126708984375 619.99945068359375 617.75042724609375 616.5137939453125 615.77435302734375 614.431884765625 613.90093994140625 614.15887451171875 613.7396240234375 613.11083984375 611.84857177734375 609.84423828125 608.58074951171875 608.50579833984375
0 0 0 0 0 0 0 662.1392822265625 665.07421875 669.44097900390625 671.10430908203125 661.506591796875 662.12298583984375 664.60943603515625 664.06451416015625 657.655029296875 647.247314453125 637.49530029296875 632.0401611328125 629.02789306640625 627.0916748046875 627.45452880859375 627.13909912109375 625.68072509765625 623.926513671875 622.506591796875 621.20440673828125 620.03814697265625 619.53253173828125 618.82666015625 618.72601318359375 618.17156982421875 617.41510009765625 617.16253662109375 615.0599365234375 614.56597900390625 614.34588623046875 613.907470703125 613.6512451171875 612.59442138671875 611.32562255859375 610.0306396484375 608.12347412109375 606.0609130859375 604.7803955078125
0 0 0 0 0 0 0 0 661.42645263671875 663.17913818359375 662.78680419921875 661.506591796875 662.12298583984375 661.376708984375 663.766845703125 659.85076904296875 650.56463623046875 640.7503662109375 633.77093505859375 629.131591796875 626.42132568359375 626.898681640625 626.04180908203125 624.7657470703125 624.33233642578125 623.85162353515625 622.9344482421875 621.19366455078125 619.475341796875 618.82666015625 617.1080322265625 616.87298583984375 616.59271240234375 616.370849609375 615.8262939453125 614.85809326171875 614.66143798828125 613.41937255859375 612.87078857421875 612.4464111328125 611.04779052734375 609.74151611328125 608.37738037109375 606.52618408203125 605.0595703125
0 0 0 0 0 0 0 0 657.7513427734375 657.707275390625 656.64581298828125 655.5693359375 657.16412353515625 661.376708984375 663.766845703125 660.24713134765625 654.277099609375 646.5748291015625 639.7933349609375 633.48760986328125 628.4244384765625 627.04949951171875 624.9708251953125 623.90380859375 624.71435546875 625.499267578125 625.00250244140625 622.44122314453125 619.159912109375 617.4097900390625 617.1080322265625 616.87298583984375 616.132080078125 615.59112548828125 614.61767578125 614.273193359375 613.44073486328125 611.7117919921875 611.8702392578125 612.860107421875 611.88250732421875 610.27764892578125 609.2529296875 607.88037109375 605.9638671875
0 0 0 0 0 0 0 0 656.01812744140625 653.88232421875 653.09368896484375 653.1221923828125 655.372314453125 658.75067138671875 661.32574462890625 660.24713134765625 658.43768310546875 654.8818359375 649.95013427734375 643.2342529296875 635.85418701171875 631.12957763671875 627.259521484375 621.267822265625 622.23748779296875 623.84112548828125 624.09320068359375 622.2637939453125 618.6622314453125 616.206298828125 615.93914794921875 616.09735107421875 616.132080078125 615.59112548828125 613.7369384765625 613.09161376953125 610.51995849609375 608.90814208984375 609.48272705078125 610.466796875 609.651611328125 608.30450439453125 607.51312255859375 606.32232666015625 604.27484130859375
0 0 0 0 0 0 0 0 656.67462158203125 655.749755859375 653.2232666015625 652.91656494140625 654.0692138671875 655.357421875 656.937255859375 658.80975341796875 658.43768310546875 654.8818359375 662.82122802734375 660.29425048828125 654.74420166015625 648.299560546875 640.65704345703125 632.7830810546875 624.37847900390625 622.85931396484375 621.704833984375 620.37042236328125 618.0914306640625 616.10455322265625 615.539306640625 615.49365234375 615.307373046875 614.52337646484375 613.7369384765625 613.09161376953125 610.55645751953125 606.92822265625 606.706298828125 606.46240234375 605.5283203125 604.494384765625 603.69464111328125 602.8282470703125 601.8909912109375
0 0 0 0 0 0 0 0 665.96728515625 663.21783447265625 659.47979736328125 651.91400146484375 650.93365478515625 650.96533203125 651.92694091796875 655.106689453125 659.69561767578125 662.6453857421875 662.82122802734375 660.29425048828125 669.45318603515625 665.59112548828125 659.2825927734375 651.06884765625 643.125 627.95013427734375 622.9306640625 620.03326416015625 618.0458984375 616.69769287109375 615.68157958984375 615.07489013671875 614.39947509765625 613.71295166015625 613.4644775390625 612.633544921875 610.55645751953125 608.29779052734375 605.89556884765625 604.72259521484375 603.48443603515625 602.4630126953125 601.701904296875 601.4432373046875 601.3958740234375
0 0 0 0 0 0 0 0 678.36529541015625 670.9337158203125 664.03497314453125 657.37353515625 648.5733642578125 647.32269287109375 647.50567626953125 649.787841796875 655.23504638671875 661.9544677734375 667.23809814453125 670.23651123046875 669.45318603515625 665.59112548828125 666.80340576171875 662.839111328125 656.6456298828125 648.65765380859375 630.322021484375 624.06280517578125 619.3382568359375 616.5672607421875 615.317626953125 615.03790283203125 614.50628662109375 613.88226318359375 613.45599365234375 612.61456298828125 610.60546875 608.22412109375 606.7879638671875 604.72259521484375 602.5213623046875 601.76275634765625 601.31915283203125 601.6383056640625 601.674560546875
0 0 0 0 0 0 0 0 685.5264892578125 675.116943359375 666.68499755859375 659.39410400390625 653.529296875 646.64990234375 646.10943603515625 647.66998291015625 650.521728515625 654.87646484375 660.68206787109375 665.707763671875 668.40814208984375 668.44085693359375 666.80340576171875 662.839111328125 665.33795166015625 659.20623779296875 650.2208251953125 631.93206787109375 624.35888671875 618.82049560546875 615.78759765625 614.84423828125 613.7320556640625 612.592041015625 612.02630615234375 611.302734375 609.92431640625 608.30267333984375 606.77191162109375 605.4366455078125 602.5213623046875 601.76275634765625 601.70086669921875 601.82635498046875 601.87103271484375
0 0 0 0 0 0 0 0 688.14837646484375 677.2125244140625 668.5279541015625 660.9072265625 655.15130615234375 650.77288818359375 646.7655029296875 647.44012451171875 647.835205078125 649.0416259765625 652.705322265625 657.58551025390625 662.6533203125 666.6903076171875 669.08441162109375 668.54302978515625 665.33795166015625 659.20623779296875 659.47021484375 644.48779296875 636.11114501953125 627.75830078125 620.35296630859375 615.45513916015625 612.2452392578125 610.29864501953125 609.595703125 609.1943359375 608.36541748046875 607.17205810546875 605.46002197265625 604.23126220703125 603.48590087890625 602.41259765625 601.70086669921875 601.82635498046875 601.01129150390625
0 0 0 0 0 0 0 0 688.14837646484375 677.2125244140625 671.7269287109375 664.26995849609375 658.591552734375 653.19696044921875 648.947998046875 646.66680908203125 646.14898681640625 645.5650634765625 646.62274169921875 649.9754638671875 655.34698486328125 661.752685546875 666.47161865234375 668.0341796875 667.5806884765625 664.84820556640625 659.47021484375 652.621826171875 649.14892578125 640.881591796875 631.62945556640625 622.98748779296875 616.454833984375 612.581298828125 610.29022216796875 608.645263671875 607.30908203125 605.557373046875 603.3734130859375 602.58099365234375 602.7738037109375 602.343505859375 601.34588623046875 601.2193603515625 601.01129150390625
0 0 0 0 0 0 0 0 689.26861572265625 679.78466796875 671.7269287109375 664.26995849609375 667.22161865234375 659.38873291015625 651.58489990234375 647.2103271484375 644.38916015625 643.3594970703125 643.8533935546875 645.15557861328125 647.8680419921875 652.823486328125 658.27484130859375 662.1151123046875 664.098876953125 665.04931640625 663.6976318359375 660.44451904296875 655.78094482421875 640.881591796875 648.271484375 639.56689453125 629.89349365234375 623.36724853515625 619.17120361328125 615.6785888671875 612.60028076171875 609.675048828125 606.3648681640625 603.918701171875 602.52587890625 600.8807373046875 599.8609619140625 599.8433837890625 599.396240234375
