my_dem_utm.asc
ncols        177
nrows        161
xllcorner    1089342.737913010176
yllcorner    3779872.173748225905
cellsize     27.719567592875
[rows 40 to 59 of 161, columns 45 to 89 of 177]
886.87249755859375 875.7926025390625 858.4208984375 855.22454833984375 856.73944091796875 863.3402099609375 872.0836181640625 880.1453857421875 885.90655517578125 888.78057861328125 889.56219482421875 889.48138427734375 876.3702392578125 878.7037353515625 881.128173828125 882.0927734375 881.78515625 884.7498779296875 888.17596435546875 890.73321533203125 892.17840576171875 891.044921875 888.74725341796875 888.49627685546875 888.016845703125 884.3082275390625 879.9066162109375 877.1719970703125 876.00787353515625 874.00360107421875 869.33203125 865.87847900390625 863.328857421875 864.10504150390625 867.2696533203125 866.11749267578125 859.79443359375 852.6513671875 847.3280029296875 845.74395751953125 846.537109375 843.95709228515625 836.450927734375 823.48101806640625 818.1240234375
881.72064208984375 867.68194580078125 855.4327392578125 845.35772705078125 849.52044677734375 859.82183837890625 869.67926025390625 876.092529296875 879.37225341796875 879.2476806640625 877.24273681640625 875.8349609375 876.3702392578125 878.7037353515625 868.1729736328125 870.6474609375 872.88458251953125 880.18304443359375 883.7242431640625 886.50238037109375 888.72528076171875 888.37628173828125 886.2362060546875 884.60357666015625 883.0018310546875 879.6162109375 875.699951171875 873.0762939453125 872.4842529296875 873.0550537109375 869.33203125 865.87847900390625 858.9124755859375 860.3170166015625 863.76776123046875 865.23052978515625 863.55023193359375 860.42559814453125 856.639404296875 854.0057373046875 853.53314208984375 851.38177490234375 844.50213623046875 837.18408203125 828.25689697265625
872.154052734375 858.9085693359375 847.347412109375 839.514892578125 843.25146484375 852.58038330078125 860.98370361328125 867.387451171875 870.35467529296875 868.3775634765625 864.3253173828125 861.82159423828125 861.7896728515625 864.535400390625 868.1729736328125 870.6474609375 866.57037353515625 872.95465087890625 880.6531982421875 882.5166015625 885.56695556640625 887.2674560546875 885.9278564453125 882.97607421875 880.4173583984375 877.5736083984375 873.865966796875 870.6732177734375 869.6025390625 869.4705810546875 867.28173828125 859.87677001953125 858.9124755859375 860.3170166015625 855.0029296875 860.383056640625 863.72222900390625 864.48736572265625 863.083984375 860.28118896484375 858.47613525390625 855.867919921875 850.49578857421875 845.93780517578125 842.61370849609375
861.59661865234375 849.76507568359375 837.77001953125 828.759765625 826.01611328125 840.55731201171875 849.07244873046875 856.13104248046875 858.74530029296875 856.4267578125 852.7738037109375 850.29742431640625 850.25079345703125 853.876220703125 858.0045166015625 861.50433349609375 866.57037353515625 872.95465087890625 873.896728515625 877.4078369140625 880.1051025390625 883.079345703125 884.74658203125 883.6453857421875 880.60101318359375 877.35260009765625 874.3116455078125 871.498291015625 869.10430908203125 867.03082275390625 863.89752197265625 859.592529296875 853.14349365234375 852.12042236328125 855.0029296875 860.383056640625 860.39532470703125 862.932861328125 863.44036865234375 862.05401611328125 859.08477783203125 855.38580322265625 852.19757080078125 850.843017578125 848.8070068359375
861.59661865234375 849.76507568359375 825.05694580078125 815.6737060546875 812.23187255859375 816.64605712890625 839.39849853515625 845.64434814453125 844.653564453125 841.94873046875 840.9814453125 839.98199462890625 841.64697265625 846.6370849609375 851.44915771484375 856.5477294921875 862.92041015625 869.17926025390625 873.896728515625 875.93310546875 871.75225830078125 874.80010986328125 878.62322998046875 880.09564208984375 877.9677734375 874.5546875 872.39349365234375 871.16064453125 869.443115234375 867.89715576171875 865.9908447265625 862.48297119140625 857.0826416015625 845.77972412109375 847.51336669921875 854.82513427734375 860.39532470703125 855.65960693359375 857.34814453125 856.1563720703125 852.40966796875 849.36761474609375 848.7647705078125 848.24676513671875 845.72930908203125
847.39190673828125 836.7822265625 825.05694580078125 815.6737060546875 798.5625 804.0369873046875 817.67791748046875 834.54205322265625 830.66143798828125 828.26019287109375 828.9017333984375 829.864013671875 833.13055419921875 837.978515625 842.00714111328125 848.09796142578125 855.85357666015625 861.808837890625 865.756103515625 868.1851806640625 871.75225830078125 863.97772216796875 867.51025390625 869.5858154296875 869.02752685546875 867.50213623046875 866.80474853515625 866.993408203125 867.837646484375 868.4466552734375 866.76690673828125 862.34417724609375 857.072998046875 850.172119140625 842.06072998046875 846.6046142578125 851.65460205078125 855.65960693359375 857.34814453125 845.81671142578125 841.62384033203125 840.10235595703125 840.12725830078125 838.11083984375 833.2279052734375
827.7633056640625 820.9075927734375 811.83544921875 802.05657958984375 798.5625 804.0369873046875 807.6351318359375 818.07159423828125 817.71343994140625 815.98541259765625 816.81671142578125 819.85308837890625 824.676513671875 827.951171875 829.5252685546875 835.8387451171875 845.86309814453125 853.44708251953125 857.0997314453125 858.28900146484375 859.4251708984375 863.97772216796875 867.51025390625 855.53680419921875 856.1380615234375 858.64886474609375 861.50433349609375 863.27886962890625 864.8857421875 865.6046142578125 862.81683349609375 857.62274169921875 853.05670166015625 847.21673583984375 839.426025390625 836.908447265625 842.3404541015625 847.54638671875 848.87811279296875 845.81671142578125 841.62384033203125 827.46575927734375 826.58154296875 822.98992919921875 817.842041015625
810.98065185546875 806.44500732421875 797.396484375 787.49053955078125 785.895263671875 794.12493896484375 807.6351318359375 804.97747802734375 805.93206787109375 801.557861328125 802.75738525390625 807.7108154296875 813.41632080078125 814.980224609375 815.439453125 823.23663330078125 835.76507568359375 844.23828125 846.8072509765625 846.54443359375 846.9488525390625 848.6768798828125 854.82305908203125 855.53680419921875 856.1380615234375 853.0662841796875 858.94036865234375 861.0491943359375 861.39453125 861.00067138671875 858.74432373046875 854.46246337890625 849.24871826171875 842.67706298828125 834.5443115234375 828.40777587890625 835.70257568359375 839.6085205078125 838.1119384765625 832.8214111328125 828.5823974609375 827.46575927734375 826.58154296875 809.66046142578125 806.40765380859375
799.07342529296875 793.3203125 784.78887939453125 776.86907958984375 778.18414306640625 788.699462890625 799.304931640625 804.97747802734375 805.93206787109375 789.580810546875 789.467529296875 794.96014404296875 798.330078125 798.012939453125 799.24609375 808.395751953125 821.7938232421875 831.11212158203125 835.1334228515625 834.88031005859375 833.3980712890625 834.25982666015625 837.8856201171875 842.2225341796875 845.84814453125 853.0662841796875 858.94036865234375 856.75726318359375 856.190673828125 855.18548583984375 853.37518310546875 850.25927734375 845.97845458984375 840.302978515625 833.51715087890625 827.4423828125 825.8997802734375 829.2965087890625 826.11956787109375 820.351806640625 815.689697265625 814.1932373046875 813.0947265625 809.66046142578125 806.40765380859375
788.6971435546875 783.1397705078125 777.7877197265625 772.7337646484375 774.00640869140625 781.7454833984375 789.45220947265625 794.3245849609375 793.71368408203125 789.580810546875 787.34765625 784.39471435546875 786.0693359375 784.3150634765625 785.598876953125 794.0528564453125 806.21038818359375 815.78057861328125 821.16192626953125 821.22900390625 818.86407470703125 819.834716796875 823.974365234375 829.1741943359375 843.06207275390625 851.18804931640625 856.16192626953125 856.75726318359375 856.190673828125 846.50299072265625 844.1151123046875 842.2568359375 841.6376953125 840.68743896484375 837.68206787109375 832.32855224609375 826.67926025390625 823.54534912109375 817.914794921875 811.140869140625 804.3193359375 801.73687744140625 801.09515380859375 798.5457763671875 795.9447021484375
781.2384033203125 776.1304931640625 771.81512451171875 767.54248046875 766.27972412109375 769.19061279296875 775.34619140625 781.003173828125 779.34356689453125 773.698974609375 772.88128662109375 784.39471435546875 786.0693359375 773.23046875 773.42279052734375 781.00994873046875 792.5855712890625 800.9591064453125 804.9736328125 805.9786376953125 805.70947265625 809.60284423828125 816.52911376953125 824.3885498046875 834.57073974609375 848.9893798828125 850.60736083984375 849.9010009765625 848.6046142578125 846.50299072265625 844.1151123046875 831.42626953125 835.43585205078125 839.43487548828125 839.73779296875 835.231201171875 829.0885009765625 823.827880859375 814.5609130859375 806.7025146484375 799.710693359375 796.68994140625 794.71380615234375 790.48565673828125 785.23480224609375
779.44488525390625 773.1339111328125 767.17962646484375 761.96807861328125 758.9036865234375 759.23193359375 763.1826171875 766.31036376953125 763.551513671875 758.95953369140625 760.1943359375 767.45355224609375 775.964111328125 773.23046875 773.42279052734375 772.45489501953125 782.958740234375 789.44677734375 791.52886962890625 792.36004638671875 796.01397705078125 805.3834228515625 816.1290283203125 825.2342529296875 834.552001953125 841.59161376953125 845.113525390625 843.57177734375 839.71319580078125 834.6243896484375 831.2236328125 831.42626953125 835.43585205078125 832.20526123046875 834.774658203125 832.51104736328125 828.7791748046875 824.68505859375 820.53216552734375 810.9296875 806.18731689453125 803.06707763671875 798.10076904296875 789.534423828125 780.0040283203125
780.75799560546875 774.5406494140625 768.47845458984375 762.13092041015625 756.65966796875 753.70269775390625 753.11444091796875 753.53057861328125 751.9609375 749.6490478515625 751.81121826171875 758.44207763671875 763.66168212890625 762.55218505859375 764.08746337890625 772.45489501953125 782.958740234375 779.20208740234375 779.6519775390625 780.76263427734375 787.24945068359375 799.976318359375 813.44085693359375 823.85198974609375 831.0819091796875 835.6444091796875 838.54864501953125 836.57147216796875 828.7008056640625 820.81207275390625 816.60479736328125 818.34405517578125 825.2352294921875 832.20526123046875 834.774658203125 826.01373291015625 825.6343994140625 824.50628662109375 821.571533203125 817.99163818359375 812.8206787109375 809.9346923828125 803.82861328125 793.7352294921875 781.82110595703125
785.652587890625 774.18408203125 771.70770263671875 767.1744384765625 759.95367431640625 752.75946044921875 747.16668701171875 744.81103515625 743.50665283203125 742.15997314453125 744.821533203125 750.5523681640625 753.66998291015625 753.40203857421875 757.820556640625 766.6943359375 775.28662109375 779.20208740234375 779.6519775390625 772.76678466796875 780.406982421875 792.60833740234375 805.9976806640625 815.6019287109375 821.45654296875 825.43548583984375 829.58038330078125 831.241455078125 816.33074951171875 807.56072998046875 802.97857666015625 804.18304443359375 811.7862548828125 820.77069091796875 825.3521728515625 826.01373291015625 825.6343994140625 819.43182373046875 817.8192138671875 813.42364501953125 809.8897705078125 809.04254150390625 805.09588623046875 796.92816162109375 785.99969482421875
778.2017822265625 776.85748291015625 771.70770263671875 767.99951171875 763.64239501953125 756.009521484375 748.695556640625 743.74847412109375 740.91473388671875 739.85247802734375 740.87347412109375 743.26141357421875 744.10498046875 743.3895263671875 745.1007080078125 759.55267333984375 765.91754150390625 767.58709716796875 768.53729248046875 772.76678466796875 780.406982421875 787.15997314453125 798.853759765625 805.87603759765625 809.06341552734375 812.015625 816.16546630859375 817.27789306640625 812.330810546875 795.947998046875 790.5477294921875 790.32183837890625 797.85565185546875 807.52825927734375 812.504150390625 814.57867431640625 817.28778076171875 819.43182373046875 803.4044189453125 802.29962158203125 799.75653076171875 800.544189453125 802.66070556640625 797.20953369140625 789.6572265625
762.2520751953125 764.96710205078125 767.23846435546875 767.99951171875 763.64239501953125 758.18902587890625 754.58648681640625 749.78009033203125 746.08587646484375 742.51934814453125 738.07562255859375 735.252197265625 734.6966552734375 735.23480224609375 738.8126220703125 745.9486083984375 754.408935546875 755.7012939453125 759.68267822265625 766.701904296875 775.5091552734375 787.15997314453125 791.4464111328125 796.33563232421875 796.6380615234375 798.09527587890625 800.94024658203125 801.2216796875 797.3326416015625 790.560302734375 777.78192138671875 776.56243896484375 784.3800048828125 793.4693603515625 796.37908935546875 796.7261962890625 798.39208984375 801.249755859375 803.4044189453125 802.29962158203125 785.767822265625 788.74371337890625 793.547119140625 794.12811279296875 790.440185546875
745.67230224609375 749.87518310546875 754.46343994140625 759.08795166015625 759.78302001953125 758.18902587890625 754.58648681640625 752.1151123046875 748.57672119140625 741.522216796875 733.22515869140625 728.20989990234375 727.47509765625 729.40386962890625 733.9920654296875 739.823486328125 742.47613525390625 743.94091796875 750.66802978515625 759.30792236328125 768.6185302734375 780.39202880859375 791.4464111328125 796.33563232421875 782.55059814453125 784.699951171875 787.576904296875 786.83599853515625 782.45062255859375 776.30084228515625 763.59661865234375 763.935791015625 772.25079345703125 779.07611083984375 778.11651611328125 775.21697998046875 775.4554443359375 779.29742431640625 784.04901123046875 785.52935791015625 785.767822265625 788.74371337890625 778.28070068359375 783.59246826171875 786.2476806640625
733.23699951171875 736.15338134765625 739.61541748046875 742.32440185546875 749.062255859375 752.83331298828125 753.8428955078125 752.1151123046875 743.9251708984375 736.9776611328125 728.29681396484375 723.096923828125 721.58172607421875 723.69891357421875 727.79718017578125 730.94781494140625 731.3468017578125 730.79632568359375 743.17718505859375 751.37982177734375 760.4232177734375 771.5452880859375 780.55682373046875 783.28790283203125 782.55059814453125 784.699951171875 774.317138671875 773.09564208984375 768.7132568359375 763.29248046875 756.3682861328125 753.23455810546875 760.97869873046875 764.4144287109375 760.50274658203125 756.0396728515625 756.97149658203125 761.8887939453125 765.17822265625 764.5858154296875 765.79742431640625 771.403076171875 778.28070068359375 783.59246826171875 776.884521484375
725.50616455078125 726.1446533203125 727.65740966796875 730.33380126953125 733.45111083984375 741.75677490234375 745.33062744140625 746.18695068359375 743.9251708984375 736.9776611328125 724.82012939453125 719.42999267578125 717.1539306640625 719.0020751953125 722.24560546875 723.3585205078125 722.249755859375 723.0831298828125 729.5228271484375 743.55908203125 750.9951171875 762.025634765625 769.1588134765625 769.3070068359375 768.5697021484375 771.18597412109375 774.317138671875 773.09564208984375 756.38604736328125 752.59210205078125 746.7633056640625 742.6392822265625 749.67889404296875 751.26025390625 747.177734375 742.26025390625 742.17645263671875 746.05865478515625 747.4715576171875 744.9825439453125 745.51055908203125 751.83795166015625 761.18994140625 770.4227294921875 776.884521484375
719.784912109375 719.41552734375 719.9609375 721.408447265625 723.39892578125 726.04833984375 734.6297607421875 736.431396484375 736.44580078125 732.1507568359375 724.82012939453125 719.42999267578125 713.51397705078125 715.25701904296875 717.6199951171875 717.29168701171875 715.4381103515625 717.25201416015625 723.88507080078125 730.16497802734375 738.789794921875 747.65740966796875 754.487548828125 755.26702880859375 755.67047119140625 757.04541015625 758.80267333984375 758.63494873046875 756.38604736328125 752.59210205078125 736.86468505859375 733.97900390625 734.2462158203125 737.98419189453125 734.8055419921875 729.70751953125 727.990478515625 731.644287109375 733.23114013671875 730.8668212890625 731.1380615234375 736.39837646484375 746.80078125 759.50396728515625 768.7625732421875
